p cnf 83 260
11 12 13 14 15 16 17 18 19 20 21 0
-12 -11 0
-1 11 12 0
-11 1 0
-12 1 0
-2 13 1 0
-1 2 0
-13 2 0
-1 -13 0
-3 14 2 0
-2 3 0
-14 3 0
-2 -14 0
-4 15 3 0
-3 4 0
-15 4 0
-3 -15 0
-5 16 4 0
-4 5 0
-16 5 0
-4 -16 0
-6 17 5 0
-5 6 0
-17 6 0
-5 -17 0
-7 18 6 0
-6 7 0
-18 7 0
-6 -18 0
-8 19 7 0
-7 8 0
-19 8 0
-7 -19 0
-9 20 8 0
-8 9 0
-20 9 0
-8 -20 0
-10 21 9 0
-9 10 0
-21 10 0
-9 -21 0
-23 -19 0
-23 -20 0
-23 -21 0
-22 -21 0
-42 11 0
-22 -11 43 0
-43 12 22 0
-43 11 12 0
-23 -11 44 0
-22 -12 44 0
-44 13 22 24 0
-44 12 13 24 0
-24 23 0
-24 11 0
-23 -11 24 0
-23 -12 45 0
-22 -13 45 0
-45 14 22 25 0
-45 13 14 25 0
-25 23 0
-25 12 0
-23 -12 25 0
-23 -13 46 0
-22 -14 46 0
-46 15 22 26 0
-46 14 15 26 0
-26 23 0
-26 13 0
-23 -13 26 0
-23 -14 47 0
-22 -15 47 0
-47 16 22 27 0
-47 15 16 27 0
-27 23 0
-27 14 0
-23 -14 27 0
-23 -15 48 0
-22 -16 48 0
-48 17 22 28 0
-48 16 17 28 0
-28 23 0
-28 15 0
-23 -15 28 0
-23 -16 49 0
-22 -17 49 0
-49 18 22 29 0
-49 17 18 29 0
-29 23 0
-29 16 0
-23 -16 29 0
-23 -17 50 0
-22 -18 50 0
-50 19 22 30 0
-50 18 19 30 0
-30 23 0
-30 17 0
-23 -17 30 0
-23 -18 51 0
-22 -19 51 0
-51 20 22 31 0
-51 19 20 31 0
-31 23 0
-31 18 0
-23 -18 31 0
-22 -20 52 0
-52 21 22 0
-52 20 21 0
42 43 44 45 46 47 48 49 50 51 52 0
-43 -42 0
-32 42 43 0
-42 32 0
-43 32 0
-33 44 32 0
-32 33 0
-44 33 0
-32 -44 0
-34 45 33 0
-33 34 0
-45 34 0
-33 -45 0
-35 46 34 0
-34 35 0
-46 35 0
-34 -46 0
-36 47 35 0
-35 36 0
-47 36 0
-35 -47 0
-37 48 36 0
-36 37 0
-48 37 0
-36 -48 0
-38 49 37 0
-37 38 0
-49 38 0
-37 -49 0
-39 50 38 0
-38 39 0
-50 39 0
-38 -50 0
-40 51 39 0
-39 40 0
-51 40 0
-39 -51 0
-41 52 40 0
-40 41 0
-52 41 0
-40 -52 0
-54 -50 0
-54 -51 0
-54 -52 0
-53 -52 0
-73 42 0
-53 -42 74 0
-74 43 53 0
-74 42 43 0
-54 -42 75 0
-53 -43 75 0
-75 44 53 55 0
-75 43 44 55 0
-55 54 0
-55 42 0
-54 -42 55 0
-54 -43 76 0
-53 -44 76 0
-76 45 53 56 0
-76 44 45 56 0
-56 54 0
-56 43 0
-54 -43 56 0
-54 -44 77 0
-53 -45 77 0
-77 46 53 57 0
-77 45 46 57 0
-57 54 0
-57 44 0
-54 -44 57 0
-54 -45 78 0
-53 -46 78 0
-78 47 53 58 0
-78 46 47 58 0
-58 54 0
-58 45 0
-54 -45 58 0
-54 -46 79 0
-53 -47 79 0
-79 48 53 59 0
-79 47 48 59 0
-59 54 0
-59 46 0
-54 -46 59 0
-54 -47 80 0
-53 -48 80 0
-80 49 53 60 0
-80 48 49 60 0
-60 54 0
-60 47 0
-54 -47 60 0
-54 -48 81 0
-53 -49 81 0
-81 50 53 61 0
-81 49 50 61 0
-61 54 0
-61 48 0
-54 -48 61 0
-54 -49 82 0
-53 -50 82 0
-82 51 53 62 0
-82 50 51 62 0
-62 54 0
-62 49 0
-54 -49 62 0
-53 -51 83 0
-83 52 53 0
-83 51 52 0
73 74 75 76 77 78 79 80 81 82 83 0
-74 -73 0
-63 73 74 0
-73 63 0
-74 63 0
-64 75 63 0
-63 64 0
-75 64 0
-63 -75 0
-65 76 64 0
-64 65 0
-76 65 0
-64 -76 0
-66 77 65 0
-65 66 0
-77 66 0
-65 -77 0
-67 78 66 0
-66 67 0
-78 67 0
-66 -78 0
-68 79 67 0
-67 68 0
-79 68 0
-67 -79 0
-69 80 68 0
-68 69 0
-80 69 0
-68 -80 0
-70 81 69 0
-69 70 0
-81 70 0
-69 -81 0
-71 82 70 0
-70 71 0
-82 71 0
-70 -82 0
-72 83 71 0
-71 72 0
-83 72 0
-71 -83 0
16 0
22 0
53 0
